subject	dataset	total_responses	total_unique_responses	repeats	mean_overall_semantic_sim	mean_overall_phonetic_sim	mean_frequency	mean_cluster_semantic_sim_troyerF	mean_switch_semantic_sim_troyerF	mean_cluster_phon_sim_troyerF	mean_switch_phon_sim_troyerF	pc_switches_troyerF	switch_count_troyerF	mean_cluster_size_with_singletons_troyerF	pc_clustered_responses_no_singletons_by_total_troyerF	mean_cluster_semantic_sim_delta	mean_switch_semantic_sim_delta	mean_cluster_phon_sim_delta	mean_switch_phon_sim_delta	pc_switches_delta	switch_count_delta	mean_cluster_size_with_singletons_delta	pc_clustered_responses_no_singletons_by_total_delta
2	subject_switch_lexical_results_v1	22	22	0	0.461545	0.104995	3.647727	0.586250	0.384803	0.092762	0.112523	61.904762	13	1.571429	71.428571	0.540768	0.332806	0.154169	0.025087	38.095238	8	2.444444	95.238095
4	subject_switch_lexical_results_v1	18	18	0	0.424905	0.068559	4.160000	0.470085	0.374078	0.069911	0.067037	47.058824	8	2.000000	76.470588	0.472638	0.337395	0.066955	0.071500	35.294118	6	2.571429	94.117647
5	subject_switch_lexical_results_v1	20	20	0	0.454595	0.039742	3.688000	0.494880	0.367309	0.026462	0.068517	31.578947	6	2.857143	84.210526	0.502036	0.373267	0.034308	0.049057	36.842105	7	2.500000	94.736842
6	subject_switch_lexical_results_v1	26	26	0	0.458573	0.116008	3.468846	0.515129	0.358030	0.132844	0.086078	36.000000	9	2.600000	88.000000	0.513826	0.316493	0.117167	0.113029	28.000000	7	3.250000	96.000000
7	subject_switch_lexical_results_v1	26	26	0	0.413740	0.127052	3.715000	0.459562	0.377738	0.131427	0.123614	56.000000	14	1.733333	68.000000	0.459627	0.316231	0.149835	0.078637	32.000000	8	2.888889	92.000000
11	subject_switch_lexical_results_v1	27	26	1	0.441114	0.112088	3.590741	0.538464	0.343765	0.155108	0.069069	50.000000	13	1.928571	76.923077	0.498281	0.285949	0.128158	0.068471	26.923077	7	3.375000	100.000000
12	subject_switch_lexical_results_v1	20	20	0	0.369595	0.097558	3.651000	0.520893	0.351795	0.071500	0.100624	89.473684	17	1.111111	21.052632	0.387107	0.331652	0.086700	0.121083	31.578947	6	2.857143	84.210526
15	subject_switch_lexical_results_v1	23	23	0	0.406888	0.020545	4.120000	0.470229	0.363037	0.027867	0.015477	59.090909	13	1.642857	59.090909	0.427701	0.362290	0.016760	0.028657	31.818182	7	2.875000	90.909091
16	subject_switch_lexical_results_v1	22	22	0	0.440441	0.043733	4.086818	0.480558	0.375252	0.019323	0.083400	38.095238	8	2.444444	90.476190	0.490696	0.339933	0.017950	0.095300	33.333333	7	2.750000	95.238095
17	subject_switch_lexical_results_v1	19	19	0	0.456605	0.034011	3.904211	0.494755	0.380304	0.023900	0.054233	33.333333	6	2.714286	88.888889	0.499795	0.413415	0.038178	0.029844	50.000000	9	1.900000	72.222222
18	subject_switch_lexical_results_v1	19	19	0	0.456605	0.034011	3.904211	0.494755	0.380304	0.023900	0.054233	33.333333	6	2.714286	88.888889	0.499795	0.413415	0.038178	0.029844	50.000000	9	1.900000	72.222222
19	subject_switch_lexical_results_v1	31	31	0	0.436462	0.139567	3.655806	0.485092	0.363518	0.101778	0.196250	40.000000	12	2.384615	90.000000	0.511734	0.370599	0.088921	0.183881	53.333333	16	1.823529	80.000000
20	subject_switch_lexical_results_v1	17	17	0	0.438067	0.107744	3.873529	0.465815	0.391820	0.073640	0.164583	37.500000	6	2.428571	100.000000	0.479234	0.347499	0.090327	0.146060	31.250000	5	2.833333	106.250000
21	subject_switch_lexical_results_v1	24	24	0	0.407635	0.046870	4.201667	0.433382	0.348783	0.058406	0.020500	30.434783	7	3.000000	95.652174	0.448941	0.353937	0.036715	0.060070	43.478261	10	2.181818	82.608696
22	subject_switch_lexical_results_v1	19	19	0	0.388052	0.114344	3.836842	0.476374	0.299730	0.125456	0.103233	50.000000	9	1.900000	83.333333	0.410128	0.310788	0.111286	0.125050	22.222222	4	3.800000	100.000000
23	subject_switch_lexical_results_v1	24	24	0	0.451032	0.070704	3.925417	0.532597	0.344997	0.090231	0.045320	43.478261	10	2.181818	91.304348	0.492516	0.356210	0.091181	0.023900	30.434783	7	3.000000	91.304348
24	subject_switch_lexical_results_v1	19	18	1	0.426713	0.026078	4.061053	0.458749	0.362641	0.016758	0.044717	33.333333	6	2.714286	94.444444	0.441598	0.374615	0.033500	0.000100	22.222222	4	3.800000	100.000000
25	subject_switch_lexical_results_v1	20	20	0	0.423868	0.074253	4.098000	0.488597	0.351948	0.101010	0.044522	47.368421	9	2.000000	78.947368	0.456385	0.332823	0.100736	0.000100	26.315789	5	3.333333	105.263158
26	subject_switch_lexical_results_v1	25	25	0	0.458245	0.072117	3.968000	0.518236	0.387347	0.110692	0.026527	45.833333	11	2.083333	83.333333	0.506055	0.342136	0.074871	0.065429	29.166667	7	3.125000	95.833333
28	subject_switch_lexical_results_v1	26	26	0	0.426748	0.121312	3.745000	0.494773	0.282194	0.152806	0.054387	32.000000	8	2.888889	96.000000	0.471654	0.284545	0.153016	0.020917	24.000000	6	3.714286	96.000000
29	subject_switch_lexical_results_v1	21	21	0	0.421312	0.066155	3.976190	0.475911	0.354579	0.097482	0.027867	45.000000	9	2.100000	85.000000	0.472888	0.358273	0.120200	0.000100	45.000000	9	2.100000	80.000000
30	subject_switch_lexical_results_v1	27	27	0	0.485468	0.095950	3.933704	0.556640	0.371593	0.115694	0.064360	38.461538	10	2.454545	92.307692	0.564670	0.335864	0.116247	0.057611	34.615385	9	2.700000	96.153846
31	subject_switch_lexical_results_v1	20	20	0	0.338123	0.099695	3.803500	0.499902	0.294982	0.250025	0.059607	78.947368	15	1.250000	42.105263	0.374956	0.287478	0.159145	0.017950	42.105263	8	2.222222	84.210526
32	subject_switch_lexical_results_v1	14	14	0	0.434443	0.030300	3.967143	0.503344	0.354059	0.038343	0.020917	46.153846	6	2.000000	76.923077	0.490160	0.345297	0.033562	0.025080	38.461538	5	2.333333	84.615385
33	subject_switch_lexical_results_v1	23	23	0	0.436131	0.072582	3.910000	0.468628	0.379262	0.066400	0.083400	36.363636	8	2.555556	95.454545	0.461390	0.391929	0.090200	0.041750	36.363636	8	2.555556	95.454545
35	subject_switch_lexical_results_v1	23	23	0	0.458463	0.084373	3.986957	0.506131	0.375043	0.098529	0.059600	36.363636	8	2.555556	90.909091	0.485883	0.385340	0.088906	0.072283	27.272727	6	3.285714	100.000000
37	subject_switch_lexical_results_v1	23	21	2	0.374376	0.081559	4.025652	0.464913	0.332125	0.052457	0.095140	68.181818	15	1.437500	54.545455	0.441308	0.294057	0.061183	0.106010	45.454545	10	2.090909	81.818182
38	subject_switch_lexical_results_v1	25	25	0	0.482985	0.080183	3.814800	0.538600	0.405123	0.075336	0.086970	41.666667	10	2.272727	91.666667	0.517472	0.379522	0.080433	0.079433	25.000000	6	3.571429	100.000000
39	subject_switch_lexical_results_v1	17	17	0	0.449351	0.069650	3.642353	0.560035	0.382940	0.051667	0.080440	62.500000	10	1.545455	62.500000	0.491209	0.357263	0.101264	0.000100	31.250000	5	2.833333	100.000000
40	subject_switch_lexical_results_v1	31	31	0	0.472455	0.084627	3.681935	0.539476	0.384812	0.066571	0.108238	43.333333	13	2.214286	83.333333	0.526015	0.365336	0.078025	0.097830	33.333333	10	2.818182	90.000000
41	subject_switch_lexical_results_v1	20	19	1	0.401257	0.095047	4.025000	0.450936	0.378328	0.128617	0.079554	68.421053	13	1.428571	47.368421	0.426678	0.346179	0.086877	0.112750	31.578947	6	2.857143	94.736842
42	subject_switch_lexical_results_v1	34	32	2	0.430640	0.084730	3.762941	0.486135	0.364047	0.104667	0.060807	45.454545	15	2.125000	78.787879	0.466132	0.349008	0.106626	0.034370	30.303030	10	3.090909	90.909091
43	subject_switch_lexical_results_v1	27	27	0	0.431559	0.071900	3.753704	0.510671	0.352447	0.048885	0.094915	50.000000	13	1.928571	80.769231	0.480058	0.339950	0.066312	0.082456	34.615385	9	2.700000	84.615385
44	subject_switch_lexical_results_v1	26	25	1	0.401130	0.103496	3.688846	0.441681	0.296856	0.107606	0.092929	28.000000	7	3.250000	92.000000	0.463919	0.306946	0.114033	0.087690	40.000000	10	2.363636	84.000000
45	subject_switch_lexical_results_v1	18	18	0	0.452946	0.106641	3.978333	0.565270	0.391679	0.058400	0.132955	64.705882	11	1.500000	58.823529	0.484570	0.305371	0.105671	0.111167	17.647059	3	4.500000	105.882353
50	subject_switch_lexical_results_v1	20	20	0	0.412584	0.057595	3.760000	0.451984	0.327218	0.058500	0.055633	31.578947	6	2.857143	94.736842	0.454995	0.320694	0.071315	0.027867	31.578947	6	2.857143	94.736842
52	subject_switch_lexical_results_v1	26	26	0	0.438337	0.088924	3.941154	0.503888	0.377830	0.122675	0.057769	52.000000	13	1.857143	76.000000	0.471232	0.334170	0.099437	0.055633	24.000000	6	3.714286	96.000000
53	subject_switch_lexical_results_v1	21	21	0	0.426780	0.052155	3.631433	0.474465	0.355252	0.025083	0.092762	40.000000	8	2.333333	80.000000	0.463690	0.217621	0.053994	0.041733	15.000000	3	5.250000	100.000000
54	subject_switch_lexical_results_v1	31	31	0	0.457403	0.039093	3.713226	0.525368	0.389438	0.016760	0.061427	50.000000	15	1.937500	83.333333	0.504268	0.363672	0.034020	0.049240	33.333333	10	2.818182	90.000000
55	subject_switch_lexical_results_v1	37	37	0	0.446603	0.084622	3.736757	0.511984	0.355071	0.060319	0.118647	41.666667	15	2.312500	83.333333	0.469617	0.377563	0.065756	0.141222	25.000000	9	3.700000	94.444444
56	subject_switch_lexical_results_v1	19	18	1	0.402592	0.071828	3.811579	0.451893	0.303988	0.072983	0.069517	33.333333	6	2.714286	88.888889	0.440847	0.268699	0.074471	0.062575	22.222222	4	3.800000	100.000000
57	subject_switch_lexical_results_v1	16	16	0	0.401216	0.082287	3.981875	0.468468	0.324356	0.056325	0.111957	46.666667	7	2.000000	73.333333	0.429990	0.322086	0.074309	0.104225	26.666667	4	3.200000	100.000000
60	subject_switch_lexical_results_v1	23	23	0	0.416636	0.022809	3.698261	0.531373	0.337202	0.027856	0.019315	59.090909	13	1.642857	72.727273	0.460661	0.299234	0.015712	0.041733	27.272727	6	3.285714	100.000000
61	subject_switch_lexical_results_v1	11	11	0	0.450830	0.087930	3.759091	0.545062	0.388010	0.050075	0.113167	60.000000	6	1.571429	80.000000	0.525479	0.376182	0.125780	0.050080	50.000000	5	1.833333	80.000000
62	subject_switch_lexical_results_v1	18	18	0	0.455119	0.093259	3.700000	0.496495	0.418341	0.092762	0.093700	52.941176	9	1.800000	70.588235	0.500097	0.372660	0.096373	0.087550	35.294118	6	2.571429	100.000000
63	subject_switch_lexical_results_v1	26	25	1	0.444719	0.076024	3.708846	0.487007	0.369540	0.092706	0.046367	36.000000	9	2.600000	92.000000	0.498639	0.330139	0.087259	0.052150	32.000000	8	2.888889	96.000000
64	subject_switch_lexical_results_v1	23	23	0	0.424453	0.068255	3.986522	0.472345	0.376561	0.037964	0.098545	50.000000	11	1.916667	77.272727	0.434094	0.381068	0.064889	0.083400	18.181818	4	4.600000	95.454545
65	subject_switch_lexical_results_v1	28	27	1	0.466577	0.097511	3.757500	0.537146	0.390580	0.078300	0.118200	48.148148	13	2.000000	74.074074	0.500793	0.368817	0.119110	0.035800	25.925926	7	3.500000	96.296296
66	subject_switch_lexical_results_v1	23	23	0	0.448406	0.082318	3.720000	0.484644	0.396061	0.052731	0.125056	40.909091	9	2.300000	90.909091	0.483051	0.356020	0.058487	0.145867	27.272727	6	3.285714	100.000000
67	subject_switch_lexical_results_v1	17	17	0	0.421649	0.020925	4.281176	0.557339	0.359971	0.000100	0.030391	68.750000	11	1.416667	56.250000	0.486329	0.338489	0.000100	0.047700	43.750000	7	2.125000	81.250000
68	subject_switch_lexical_results_v1	22	22	0	0.438759	0.041467	3.887727	0.469894	0.388165	0.054108	0.020925	38.095238	8	2.444444	85.714286	0.468256	0.399430	0.060592	0.015967	42.857143	9	2.200000	76.190476
69	subject_switch_lexical_results_v1	18	18	0	0.417763	0.055959	4.052778	0.491143	0.352537	0.025088	0.083400	52.941176	9	1.800000	76.470588	0.462682	0.309957	0.037583	0.100060	29.411765	5	3.000000	94.117647
70	subject_switch_lexical_results_v1	18	18	0	0.427704	0.057500	3.860000	0.503476	0.374664	0.059600	0.056030	58.823529	10	1.636364	76.470588	0.482515	0.327217	0.053109	0.065550	35.294118	6	2.571429	94.117647
71	subject_switch_lexical_results_v1	24	24	0	0.451632	0.036552	3.811667	0.510686	0.340904	0.030087	0.048675	34.782609	8	2.666667	82.608696	0.496052	0.350099	0.035150	0.039757	30.434783	7	3.000000	95.652174
72	subject_switch_lexical_results_v1	18	18	0	0.428070	0.044406	3.952222	0.490636	0.357683	0.054044	0.033562	47.058824	8	2.000000	76.470588	0.484984	0.346764	0.061140	0.020500	41.176471	7	2.250000	100.000000
73	subject_switch_lexical_results_v1	21	21	0	0.444021	0.059655	3.931429	0.524541	0.363501	0.070070	0.049240	50.000000	10	1.909091	85.000000	0.483069	0.326877	0.057853	0.065060	25.000000	5	3.500000	100.000000
74	subject_switch_lexical_results_v1	26	26	0	0.391431	0.093108	3.638846	0.458440	0.353739	0.138144	0.067775	64.000000	16	1.529412	60.000000	0.421779	0.313396	0.085911	0.111614	28.000000	7	3.250000	100.000000
76	subject_switch_lexical_results_v1	18	18	0	0.417067	0.029500	3.890000	0.464914	0.348715	0.050080	0.000100	41.176471	7	2.250000	88.235294	0.484088	0.256218	0.041750	0.000100	29.411765	5	3.000000	88.235294
77	subject_switch_lexical_results_v1	20	20	0	0.373247	0.054668	3.678000	0.501261	0.314164	0.102833	0.032438	68.421053	13	1.428571	42.105263	0.419819	0.272342	0.079854	0.000100	31.578947	6	2.857143	89.473684
78	subject_switch_lexical_results_v1	17	16	1	0.453411	0.141719	3.928235	0.514456	0.392366	0.097975	0.185463	50.000000	8	1.888889	68.750000	0.478834	0.377143	0.147275	0.125050	25.000000	4	3.400000	100.000000
79	subject_switch_lexical_results_v1	25	25	0	0.410254	0.091912	3.818400	0.480638	0.381273	0.120814	0.080012	70.833333	17	1.388889	50.000000	0.434089	0.352369	0.096241	0.081400	29.166667	7	3.125000	95.833333
80	subject_switch_lexical_results_v1	17	17	0	0.409399	0.065400	3.960588	0.482424	0.352601	0.069457	0.062244	56.250000	9	1.700000	75.000000	0.427563	0.354905	0.073283	0.041750	25.000000	4	3.400000	93.750000
81	subject_switch_lexical_results_v1	22	20	2	0.425841	0.092633	3.835455	0.469669	0.367403	0.084883	0.102967	42.857143	9	2.200000	80.952381	0.451261	0.273321	0.101117	0.041733	14.285714	3	5.500000	104.761905
82	subject_switch_lexical_results_v1	19	19	0	0.439355	0.058144	3.793158	0.514389	0.321445	0.079936	0.023900	38.888889	7	2.375000	88.888889	0.529682	0.326446	0.087920	0.020925	44.444444	8	2.111111	100.000000
83	subject_switch_lexical_results_v1	15	15	0	0.365093	0.072857	3.756667	0.465219	0.337786	0.000100	0.092700	78.571429	11	1.250000	42.857143	0.382646	0.300735	0.064573	0.103233	21.428571	3	3.750000	100.000000
84	subject_switch_lexical_results_v1	26	26	0	0.428232	0.058456	3.825385	0.492783	0.385198	0.129330	0.011207	60.000000	15	1.625000	68.000000	0.443155	0.256618	0.063530	0.000100	8.000000	2	8.666667	104.000000
85	subject_switch_lexical_results_v1	25	25	0	0.392595	0.066008	3.939600	0.453188	0.349314	0.096650	0.044121	58.333333	14	1.666667	66.666667	0.426355	0.291313	0.082933	0.015233	25.000000	6	3.571429	95.833333
86	subject_switch_lexical_results_v1	29	29	0	0.431717	0.157596	3.036552	0.463977	0.351066	0.163700	0.142338	28.571429	8	3.222222	89.285714	0.457023	0.315307	0.148730	0.198380	17.857143	5	4.833333	100.000000
87	subject_switch_lexical_results_v1	28	27	1	0.410918	0.091156	3.815357	0.495506	0.343247	0.091825	0.090620	55.555556	15	1.750000	59.259259	0.449991	0.354084	0.102744	0.074300	40.740741	11	2.333333	88.888889
88	subject_switch_lexical_results_v1	27	27	0	0.434391	0.044946	3.918889	0.519891	0.348890	0.032131	0.057762	50.000000	13	1.928571	73.076923	0.470217	0.314970	0.027165	0.104217	23.076923	6	3.857143	96.153846
89	subject_switch_lexical_results_v1	22	22	0	0.462016	0.096210	4.013182	0.508771	0.368506	0.126414	0.035800	33.333333	7	2.750000	90.476190	0.521030	0.366117	0.110500	0.072987	38.095238	8	2.444444	90.476190
90	subject_switch_lexical_results_v1	23	23	0	0.389502	0.066859	3.563478	0.495955	0.315804	0.076289	0.060331	59.090909	13	1.642857	63.636364	0.435948	0.289976	0.073580	0.052457	31.818182	7	2.875000	86.363636
91	subject_switch_lexical_results_v1	23	23	0	0.428610	0.041968	3.861304	0.494597	0.333296	0.052285	0.027067	40.909091	9	2.300000	81.818182	0.444903	0.393697	0.054847	0.014371	31.818182	7	2.875000	81.818182
92	subject_switch_lexical_results_v1	29	28	1	0.395323	0.082407	3.717241	0.436517	0.340397	0.093075	0.068183	42.857143	12	2.230769	78.571429	0.451393	0.308668	0.087606	0.074373	39.285714	11	2.416667	85.714286
93	subject_switch_lexical_results_v1	35	35	0	0.429558	0.080297	3.741714	0.472191	0.351398	0.094832	0.053650	35.294118	12	2.692308	88.235294	0.453506	0.337188	0.078115	0.088714	20.588235	7	4.375000	100.000000
94	subject_switch_lexical_results_v1	23	22	1	0.413023	0.092864	3.583043	0.504471	0.349713	0.162067	0.044954	59.090909	13	1.642857	59.090909	0.455801	0.321355	0.113940	0.047700	31.818182	7	2.875000	95.454545
95	subject_switch_lexical_results_v1	23	23	0	0.491765	0.128091	3.805217	0.552402	0.385651	0.101264	0.175037	36.363636	8	2.555556	95.454545	0.537577	0.411594	0.151243	0.087575	36.363636	8	2.555556	95.454545
96	subject_switch_lexical_results_v1	14	14	0	0.394633	0.058192	3.309293	0.409357	0.388090	0.000100	0.084011	69.230769	9	1.400000	53.846154	0.431827	0.310948	0.084011	0.000100	30.769231	4	2.800000	100.000000
97	subject_switch_lexical_results_v1	33	32	1	0.427691	0.099581	3.642727	0.449687	0.349133	0.103452	0.085757	21.875000	7	4.125000	93.750000	0.457968	0.319555	0.105736	0.077600	21.875000	7	4.125000	103.125000
98	subject_switch_lexical_results_v1	24	24	0	0.436861	0.065130	4.020000	0.489528	0.354935	0.053136	0.083789	39.130435	9	2.400000	86.956522	0.459804	0.354266	0.075261	0.028660	21.739130	5	4.000000	95.652174
99	subject_switch_lexical_results_v1	13	13	0	0.441675	0.037783	4.103077	0.539584	0.392721	0.035800	0.038775	66.666667	8	1.444444	50.000000	0.490944	0.392407	0.047700	0.027867	50.000000	6	1.857143	75.000000
100	subject_switch_lexical_results_v1	20	19	1	0.410718	0.109953	4.117000	0.511090	0.320383	0.134700	0.087680	52.631579	10	1.818182	73.684211	0.461269	0.301191	0.160654	0.000100	31.578947	6	2.857143	94.736842
101	subject_switch_lexical_results_v1	19	18	1	0.401395	0.087294	4.032105	0.505446	0.361375	0.098380	0.083031	72.222222	13	1.357143	50.000000	0.417687	0.359036	0.068654	0.135760	27.777778	5	3.166667	94.444444
104	subject_switch_lexical_results_v1	24	24	0	0.407899	0.137422	3.795417	0.507407	0.331354	0.122210	0.149123	56.521739	13	1.714286	65.217391	0.477662	0.277092	0.117207	0.175325	34.782609	8	2.666667	86.956522
105	subject_switch_lexical_results_v1	25	25	0	0.466223	0.025783	3.998800	0.507837	0.407964	0.012000	0.045080	41.666667	10	2.272727	87.500000	0.493758	0.361590	0.032542	0.000100	20.833333	5	4.166667	100.000000
106	subject_switch_lexical_results_v1	19	19	0	0.482912	0.083928	4.115263	0.517094	0.429198	0.061545	0.119100	38.888889	7	2.375000	83.333333	0.513095	0.435483	0.076691	0.095300	38.888889	7	2.375000	88.888889
801	subject_switch_lexical_results_v1	17	17	0	0.441480	0.100212	4.090588	0.515614	0.396999	0.066733	0.120300	62.500000	10	1.545455	50.000000	0.499457	0.344850	0.115060	0.075467	37.500000	6	2.428571	87.500000
802	subject_switch_lexical_results_v1	13	13	0	0.416597	0.076908	3.755385	0.468519	0.312752	0.048675	0.133375	33.333333	4	2.600000	100.000000	0.463417	0.322956	0.073662	0.083400	33.333333	4	2.600000	100.000000
803	subject_switch_lexical_results_v1	21	21	0	0.492626	0.041745	3.614762	0.528781	0.348002	0.039662	0.050075	20.000000	4	4.200000	100.000000	0.570017	0.376538	0.027867	0.062562	40.000000	8	2.333333	100.000000
804	subject_switch_lexical_results_v1	24	24	0	0.429637	0.062187	3.746250	0.505904	0.310999	0.080000	0.034478	39.130435	9	2.400000	86.956522	0.456495	0.302060	0.066489	0.041750	17.391304	4	4.800000	104.347826
805	subject_switch_lexical_results_v1	17	17	0	0.377364	0.028212	4.073529	0.514641	0.331604	0.062575	0.016758	75.000000	12	1.307692	50.000000	0.433599	0.305061	0.027867	0.028657	43.750000	7	2.125000	87.500000
806	subject_switch_lexical_results_v1	22	22	0	0.430049	0.047186	3.537273	0.503996	0.331453	0.061350	0.028300	42.857143	9	2.200000	80.952381	0.483835	0.322476	0.060529	0.020500	33.333333	7	2.750000	90.476190
807	subject_switch_lexical_results_v1	27	26	1	0.432582	0.113662	3.743333	0.507723	0.357441	0.099415	0.127908	50.000000	13	1.928571	84.615385	0.484977	0.348751	0.106300	0.125440	38.461538	10	2.454545	92.307692
808	subject_switch_lexical_results_v1	25	25	0	0.469595	0.073000	3.759600	0.504540	0.364761	0.097300	0.000100	25.000000	6	3.571429	95.833333	0.495435	0.406843	0.103018	0.000100	29.166667	7	3.125000	83.333333
809	subject_switch_lexical_results_v1	22	22	0	0.452477	0.078862	3.787273	0.481852	0.379039	0.074407	0.090000	28.571429	6	3.142857	95.238095	0.506261	0.380764	0.065875	0.096178	42.857143	9	2.200000	90.476190
810	subject_switch_lexical_results_v1	8	8	0	0.467534	0.071500	4.367500	0.576259	0.424044	0.125050	0.050080	71.428571	5	1.333333	57.142857	0.543451	0.366311	0.125050	0.000100	42.857143	3	2.000000	85.714286
811	subject_switch_lexical_results_v1	15	15	0	0.451128	0.046500	3.746667	0.476515	0.358042	0.059155	0.000100	21.428571	3	3.750000	100.000000	0.468235	0.348487	0.043825	0.062550	14.285714	2	5.000000	107.142857
812	subject_switch_lexical_results_v1	25	24	1	0.451769	0.138821	3.430800	0.510877	0.274447	0.160078	0.075050	25.000000	6	3.571429	83.333333	0.524062	0.366332	0.208915	0.055982	45.833333	11	2.083333	83.333333
813	subject_switch_lexical_results_v1	19	18	1	0.391384	0.158317	3.784737	0.481370	0.301398	0.243422	0.073211	50.000000	9	1.900000	77.777778	0.423267	0.279794	0.194600	0.031325	22.222222	4	3.800000	94.444444
814	subject_switch_lexical_results_v1	23	23	0	0.443016	0.114509	3.606957	0.513700	0.319318	0.133000	0.082150	36.363636	8	2.555556	95.454545	0.481300	0.312847	0.125294	0.077840	22.727273	5	3.833333	104.545455
815	subject_switch_lexical_results_v1	21	20	1	0.408638	0.091725	3.791905	0.486759	0.356558	0.072987	0.104217	60.000000	12	1.615385	65.000000	0.449839	0.312502	0.089350	0.097267	30.000000	6	3.000000	95.000000
816	subject_switch_lexical_results_v1	24	24	0	0.470211	0.103583	3.719167	0.511496	0.392801	0.104813	0.101275	34.782609	8	2.666667	95.652174	0.518287	0.380068	0.127840	0.058100	34.782609	8	2.666667	95.652174
817	subject_switch_lexical_results_v1	26	26	0	0.441338	0.049224	3.707692	0.482481	0.396767	0.015477	0.085783	48.000000	12	2.000000	76.000000	0.481120	0.339040	0.046117	0.057214	28.000000	7	3.250000	96.000000
818	subject_switch_lexical_results_v1	20	20	0	0.352541	0.080326	3.841500	0.413750	0.308026	0.062575	0.093236	57.894737	11	1.666667	57.894737	0.375513	0.288219	0.073279	0.100060	26.315789	5	3.333333	89.473684
819	subject_switch_lexical_results_v1	18	17	1	0.414533	0.054000	4.263333	0.496718	0.341480	0.052163	0.055633	52.941176	9	1.800000	82.352941	0.472348	0.275777	0.076458	0.000100	29.411765	5	3.000000	105.882353
820	subject_switch_lexical_results_v1	31	27	4	0.462098	0.054520	3.976774	0.509049	0.352544	0.069910	0.018611	30.000000	9	3.100000	93.333333	0.539804	0.345539	0.061183	0.044525	40.000000	12	2.384615	93.333333
821	subject_switch_lexical_results_v1	20	20	0	0.410973	0.113968	4.067000	0.445323	0.372807	0.093880	0.136289	47.368421	9	2.000000	84.210526	0.468183	0.287018	0.104277	0.134967	31.578947	6	2.857143	89.473684
822	subject_switch_lexical_results_v1	24	22	2	0.447831	0.070122	3.700417	0.484571	0.363854	0.068925	0.072857	30.434783	7	3.000000	86.956522	0.468771	0.372449	0.056233	0.120120	21.739130	5	4.000000	100.000000
823	subject_switch_lexical_results_v1	24	24	0	0.379982	0.078017	3.807917	0.406517	0.319331	0.099612	0.028657	30.434783	7	3.000000	91.304348	0.404905	0.323015	0.091281	0.047700	30.434783	7	3.000000	100.000000
824	subject_switch_lexical_results_v1	19	18	1	0.459187	0.063767	3.931053	0.489004	0.421915	0.048650	0.082662	44.444444	8	2.111111	77.777778	0.476021	0.400267	0.055179	0.093825	22.222222	4	3.800000	94.444444
825	subject_switch_lexical_results_v1	25	22	3	0.463648	0.070058	3.819600	0.479212	0.425850	0.081718	0.041743	29.166667	7	3.125000	91.666667	0.495994	0.385093	0.059106	0.096657	29.166667	7	3.125000	91.666667
826	subject_switch_lexical_results_v1	18	18	0	0.413888	0.049100	3.797222	0.459284	0.349036	0.033420	0.071500	41.176471	7	2.250000	82.352941	0.465683	0.289580	0.048692	0.050080	29.411765	5	3.000000	94.117647
827	subject_switch_lexical_results_v1	21	21	0	0.458450	0.103275	3.703333	0.517474	0.369913	0.078042	0.141125	40.000000	8	2.333333	85.000000	0.519211	0.367308	0.066142	0.158975	40.000000	8	2.333333	95.000000
828	subject_switch_lexical_results_v1	24	24	0	0.437584	0.070835	4.053750	0.479929	0.358187	0.057293	0.096225	34.782609	8	2.666667	91.304348	0.493148	0.351151	0.028657	0.136444	39.130435	9	2.400000	86.956522
829	subject_switch_lexical_results_v1	15	14	1	0.414415	0.050764	4.022000	0.467231	0.319345	0.078911	0.000100	35.714286	5	2.500000	78.571429	0.473960	0.369756	0.023900	0.070912	57.142857	8	1.666667	71.428571
830	subject_switch_lexical_results_v1	29	29	0	0.389937	0.067096	3.947241	0.437851	0.334652	0.039607	0.098815	46.428571	13	2.071429	82.142857	0.414933	0.337169	0.067642	0.065944	32.142857	9	2.900000	89.285714
831	subject_switch_lexical_results_v1	23	21	2	0.433475	0.100445	4.064348	0.501415	0.351947	0.132008	0.062570	45.454545	10	2.090909	86.363636	0.499015	0.318780	0.131014	0.046950	36.363636	8	2.555556	95.454545
832	subject_switch_lexical_results_v1	17	17	0	0.456975	0.054394	4.187647	0.515283	0.382008	0.027867	0.088500	43.750000	7	2.125000	81.250000	0.482607	0.380080	0.044725	0.083400	25.000000	4	3.400000	100.000000
833	subject_switch_lexical_results_v1	13	13	0	0.470594	0.087375	3.990769	0.535338	0.424348	0.147680	0.044300	58.333333	7	1.625000	75.000000	0.509206	0.354759	0.097956	0.055633	25.000000	3	3.250000	100.000000
834	subject_switch_lexical_results_v1	16	16	0	0.409193	0.058487	4.138750	0.464059	0.346489	0.067925	0.047700	46.666667	7	2.000000	80.000000	0.439076	0.327015	0.049427	0.083400	26.666667	4	3.200000	106.666667
835	subject_switch_lexical_results_v1	18	18	0	0.373360	0.027435	3.926667	0.413424	0.337748	0.017950	0.035867	52.941176	9	1.800000	76.470588	0.443971	0.293922	0.015967	0.040337	47.058824	8	2.000000	76.470588
837	subject_switch_lexical_results_v1	24	22	2	0.475691	0.079774	3.746667	0.500371	0.386845	0.079694	0.080060	21.739130	5	4.000000	100.000000	0.504264	0.394735	0.057918	0.141700	26.086957	6	3.428571	95.652174
838	subject_switch_lexical_results_v1	21	21	0	0.464275	0.093365	4.209048	0.524493	0.404057	0.157560	0.029170	50.000000	10	1.909091	80.000000	0.504390	0.343929	0.105073	0.058240	25.000000	5	3.500000	95.000000
839	subject_switch_lexical_results_v1	23	23	0	0.477242	0.115932	4.065217	0.551154	0.347895	0.149993	0.056325	36.363636	8	2.555556	90.909091	0.514939	0.349074	0.140200	0.033420	22.727273	5	3.833333	95.454545
840	subject_switch_lexical_results_v1	27	26	1	0.423484	0.072412	3.667778	0.515719	0.315876	0.088221	0.053967	46.153846	12	2.076923	84.615385	0.491245	0.331082	0.100193	0.034527	42.307692	11	2.250000	88.461538
841	subject_switch_lexical_results_v1	29	29	0	0.441014	0.076643	3.817586	0.522118	0.359911	0.056707	0.096579	50.000000	14	1.933333	78.571429	0.468878	0.338848	0.062627	0.128033	21.428571	6	4.142857	103.571429
842	subject_switch_lexical_results_v1	22	22	0	0.440124	0.097729	3.857727	0.542738	0.363163	0.122267	0.079325	57.142857	12	1.692308	66.666667	0.478540	0.317192	0.090681	0.120280	23.809524	5	3.666667	100.000000
843	subject_switch_lexical_results_v1	19	19	0	0.435652	0.075122	3.761579	0.471605	0.390712	0.109330	0.032363	44.444444	8	2.111111	83.333333	0.457204	0.360224	0.075736	0.072975	22.222222	4	3.800000	94.444444
844	subject_switch_lexical_results_v1	28	27	1	0.449805	0.064404	3.930000	0.493169	0.376087	0.043776	0.099470	37.037037	10	2.545455	81.481481	0.476227	0.357329	0.069176	0.047700	22.222222	6	4.000000	96.296296
845	subject_switch_lexical_results_v1	14	14	0	0.366884	0.036069	4.056429	0.479018	0.333244	0.041733	0.034370	76.923077	10	1.272727	38.461538	0.386368	0.301937	0.046860	0.000100	23.076923	3	3.500000	92.307692
846	subject_switch_lexical_results_v1	30	30	0	0.395930	0.089162	3.661667	0.431257	0.328808	0.100616	0.067400	34.482759	10	2.727273	82.758621	0.434961	0.309194	0.054695	0.165756	31.034483	9	3.000000	96.551724
847	subject_switch_lexical_results_v1	25	25	0	0.452715	0.105346	3.799200	0.525002	0.351512	0.122179	0.081780	41.666667	10	2.272727	95.833333	0.525513	0.307119	0.147094	0.021850	33.333333	8	2.777778	100.000000
848	subject_switch_lexical_results_v1	30	30	0	0.535439	0.201724	3.815667	0.612250	0.389499	0.284547	0.044360	34.482759	10	2.727273	86.206897	0.590347	0.362873	0.211355	0.171457	24.137931	7	3.750000	93.103448
849	subject_switch_lexical_results_v1	26	25	1	0.421268	0.059496	3.861154	0.452498	0.340963	0.060783	0.056186	28.000000	7	3.250000	100.000000	0.435310	0.318294	0.055427	0.089333	12.000000	3	6.500000	104.000000
850	subject_switch_lexical_results_v1	10	10	0	0.323338	0.159822	3.653000	0.372742	0.309223	0.309500	0.117057	77.777778	7	1.250000	33.333333	0.369248	0.265951	0.197160	0.113150	44.444444	4	2.000000	77.777778
851	subject_switch_lexical_results_v1	31	31	0	0.424670	0.105137	3.575165	0.446175	0.374494	0.128338	0.051000	30.000000	9	3.100000	93.333333	0.476151	0.321708	0.129990	0.055430	33.333333	10	2.818182	86.666667
852	subject_switch_lexical_results_v1	25	25	0	0.417302	0.062875	3.681200	0.481356	0.363102	0.060791	0.064638	54.166667	13	1.785714	70.833333	0.447231	0.344617	0.080324	0.020500	29.166667	7	3.125000	95.833333
853	subject_switch_lexical_results_v1	10	10	0	0.454552	0.027867	3.994000	0.487562	0.339015	0.000100	0.125050	22.222222	2	3.333333	100.000000	0.475494	0.381254	0.000100	0.125050	22.222222	2	3.333333	111.111111
854	subject_switch_lexical_results_v1	22	21	1	0.393418	0.094448	3.895000	0.456157	0.336382	0.080420	0.107200	52.380952	11	1.833333	76.190476	0.426707	0.286894	0.081537	0.135760	23.809524	5	3.666667	104.761905
855	subject_switch_lexical_results_v1	29	28	1	0.417617	0.081729	3.628621	0.480808	0.354427	0.060957	0.102500	50.000000	14	1.933333	75.000000	0.453630	0.341590	0.096805	0.049900	32.142857	9	2.900000	96.428571
856	subject_switch_lexical_results_v1	19	19	0	0.381002	0.040428	4.044737	0.435326	0.353840	0.041750	0.039767	66.666667	12	1.461538	55.555556	0.388672	0.319640	0.035056	0.083400	11.111111	2	6.333333	100.000000
857	subject_switch_lexical_results_v1	13	13	0	0.358670	0.044525	4.054615	0.461927	0.307041	0.041750	0.045912	66.666667	8	1.444444	66.666667	0.435731	0.303626	0.073400	0.023900	58.333333	7	1.625000	66.666667
858	subject_switch_lexical_results_v1	22	19	3	0.430576	0.055405	3.878636	0.523977	0.327835	0.044236	0.067690	47.619048	10	2.000000	90.476190	0.509032	0.325969	0.057217	0.052989	42.857143	9	2.200000	95.238095
859	subject_switch_lexical_results_v1	28	27	1	0.462438	0.093363	3.772143	0.512792	0.318567	0.118865	0.020500	25.925926	7	3.500000	92.592593	0.485678	0.360178	0.105473	0.040080	18.518519	5	4.666667	100.000000
860	subject_switch_lexical_results_v1	16	16	0	0.416967	0.039607	3.845000	0.482932	0.318019	0.027867	0.057217	40.000000	6	2.285714	86.666667	0.431689	0.358079	0.020925	0.114333	20.000000	3	4.000000	100.000000
861	subject_switch_lexical_results_v1	16	15	1	0.488448	0.121167	3.870006	0.551582	0.362180	0.066730	0.230040	33.333333	5	2.666667	93.333333	0.541899	0.341456	0.119755	0.125050	26.666667	4	3.200000	100.000000
862	subject_switch_lexical_results_v1	22	21	1	0.433024	0.092571	3.834091	0.509283	0.363697	0.072560	0.110764	52.380952	11	1.833333	76.190476	0.499256	0.325397	0.053277	0.156425	38.095238	8	2.444444	95.238095
863	subject_switch_lexical_results_v1	23	22	1	0.429525	0.066218	4.001739	0.515420	0.343630	0.101182	0.031255	50.000000	11	1.916667	86.363636	0.490275	0.356625	0.076100	0.054360	45.454545	10	2.090909	86.363636
864	subject_switch_lexical_results_v1	22	22	0	0.404510	0.080657	3.918182	0.452256	0.361104	0.067930	0.092227	52.380952	11	1.833333	71.428571	0.453103	0.325547	0.073331	0.092562	38.095238	8	2.444444	95.238095
865	subject_switch_lexical_results_v1	18	18	0	0.383221	0.094453	3.856111	0.474439	0.345214	0.139320	0.075758	70.588235	12	1.384615	52.941176	0.409074	0.321174	0.123358	0.025080	29.411765	5	3.000000	94.117647
866	subject_switch_lexical_results_v1	21	21	0	0.419371	0.081380	3.795238	0.470797	0.391680	0.103800	0.069308	65.000000	13	1.500000	60.000000	0.484545	0.339715	0.129709	0.022311	45.000000	9	2.100000	85.000000
867	subject_switch_lexical_results_v1	28	28	0	0.404822	0.053907	3.775357	0.451965	0.310534	0.063622	0.034478	33.333333	9	2.800000	88.888889	0.448829	0.300305	0.067795	0.020925	29.629630	8	3.111111	92.592593
868	subject_switch_lexical_results_v1	18	17	1	0.457738	0.070794	3.636111	0.517795	0.313602	0.086367	0.033420	29.411765	5	3.000000	100.000000	0.508834	0.335108	0.072483	0.066740	29.411765	5	3.000000	94.117647
869	subject_switch_lexical_results_v1	25	23	2	0.421396	0.058208	4.000000	0.484691	0.358102	0.036983	0.079433	50.000000	12	1.923077	79.166667	0.446086	0.347327	0.059067	0.055633	25.000000	6	3.571429	91.666667
870	subject_switch_lexical_results_v1	22	22	0	0.402539	0.051357	3.756364	0.443331	0.336252	0.059838	0.037575	38.095238	8	2.444444	90.476190	0.466197	0.317661	0.040442	0.065911	42.857143	9	2.200000	85.714286
871	subject_switch_lexical_results_v1	15	15	0	0.352832	0.125636	3.802667	0.401312	0.325899	0.116420	0.130756	64.285714	9	1.500000	57.142857	0.390956	0.302001	0.156125	0.084983	42.857143	6	2.142857	85.714286
872	subject_switch_lexical_results_v1	22	22	0	0.366848	0.123200	3.507273	0.395199	0.341073	0.141150	0.106882	52.380952	11	1.833333	76.190476	0.415998	0.301313	0.116442	0.132211	42.857143	9	2.200000	90.476190
873	subject_switch_lexical_results_v1	17	17	0	0.431295	0.051287	4.178824	0.490006	0.372585	0.086862	0.015713	50.000000	8	1.888889	87.500000	0.461971	0.298366	0.053492	0.041733	18.750000	3	4.250000	106.250000
874	subject_switch_lexical_results_v1	26	25	1	0.393113	0.147760	3.544619	0.430447	0.337111	0.147260	0.148510	40.000000	10	2.363636	88.000000	0.441369	0.307324	0.168788	0.110378	36.000000	9	2.600000	92.000000
875	subject_switch_lexical_results_v1	31	31	0	0.483772	0.093977	3.575484	0.538401	0.389413	0.070000	0.135391	36.666667	11	2.583333	90.000000	0.508483	0.360218	0.085652	0.135600	16.666667	5	5.166667	103.333333
876	subject_switch_lexical_results_v1	17	15	2	0.467782	0.035800	4.032941	0.519837	0.415726	0.053650	0.017950	50.000000	8	1.888889	87.500000	0.524108	0.343863	0.026064	0.057220	31.250000	5	2.833333	106.250000
877	subject_switch_lexical_results_v1	28	28	0	0.398242	0.108693	3.763214	0.459931	0.331807	0.103629	0.114146	48.148148	13	2.000000	77.777778	0.453192	0.304827	0.138276	0.058400	37.037037	10	2.545455	88.888889
878	subject_switch_lexical_results_v1	23	23	0	0.438196	0.082841	3.808261	0.481395	0.375796	0.057677	0.119189	40.909091	9	2.300000	86.363636	0.483607	0.358725	0.078350	0.090700	36.363636	8	2.555556	86.363636
879	subject_switch_lexical_results_v1	12	12	0	0.404316	0.058509	3.539167	0.446096	0.388649	0.047700	0.062562	72.727273	8	1.333333	45.454545	0.425069	0.348975	0.049175	0.083400	27.272727	3	3.000000	100.000000
901	subject_switch_lexical_results_v1	27	27	0	0.407685	0.063304	3.937778	0.450646	0.349102	0.068960	0.055591	42.307692	11	2.250000	84.615385	0.447347	0.332768	0.043706	0.100322	34.615385	9	2.700000	96.153846
902	subject_switch_lexical_results_v1	25	25	0	0.440044	0.142887	3.947200	0.476140	0.389511	0.145036	0.139880	41.666667	10	2.272727	79.166667	0.476267	0.331378	0.127700	0.188450	25.000000	6	3.571429	95.833333
903	subject_switch_lexical_results_v1	20	20	0	0.458540	0.098311	3.984000	0.557302	0.348803	0.120900	0.073211	47.368421	9	2.000000	84.210526	0.549112	0.334002	0.121273	0.066737	42.105263	8	2.222222	94.736842
904	subject_switch_lexical_results_v1	23	23	0	0.439583	0.060682	3.979565	0.461056	0.366573	0.056447	0.075080	22.727273	5	3.833333	95.454545	0.463737	0.375171	0.039144	0.118117	27.272727	6	3.285714	100.000000
905	subject_switch_lexical_results_v1	14	14	0	0.427745	0.053923	4.053571	0.447205	0.396611	0.041750	0.073400	38.461538	5	2.333333	84.615385	0.452035	0.373093	0.018611	0.133375	30.769231	4	2.800000	100.000000
906	subject_switch_lexical_results_v1	24	21	3	0.419698	0.070461	3.921250	0.483433	0.336843	0.055938	0.089340	43.478261	10	2.181818	82.608696	0.438272	0.377243	0.053275	0.109743	30.434783	7	3.000000	95.652174
907	subject_switch_lexical_results_v1	14	14	0	0.474159	0.077569	3.680714	0.534299	0.338843	0.099667	0.027850	30.769231	4	2.800000	92.307692	0.522041	0.314550	0.088320	0.041733	23.076923	3	3.500000	107.692308
908	subject_switch_lexical_results_v1	33	33	0	0.464627	0.091303	3.706061	0.497661	0.365522	0.115754	0.017950	25.000000	8	3.666667	100.000000	0.498977	0.341948	0.085104	0.113443	21.875000	7	4.125000	103.125000
909	subject_switch_lexical_results_v1	18	18	0	0.468054	0.053229	3.686667	0.540265	0.386817	0.027867	0.081762	47.058824	8	2.000000	88.235294	0.515614	0.353909	0.056633	0.045060	29.411765	5	3.000000	100.000000
910	subject_switch_lexical_results_v1	23	23	0	0.416278	0.072068	3.446087	0.506047	0.354131	0.105211	0.049123	59.090909	13	1.642857	68.181818	0.468626	0.340665	0.090838	0.044956	40.909091	9	2.300000	86.363636
911	subject_switch_lexical_results_v1	19	19	0	0.437060	0.106539	3.942632	0.486968	0.358632	0.125809	0.076257	38.888889	7	2.375000	88.888889	0.474160	0.307207	0.113150	0.083400	22.222222	4	3.800000	94.444444
912	subject_switch_lexical_results_v1	25	25	0	0.432628	0.068225	3.768000	0.506774	0.309050	0.085780	0.038967	37.500000	9	2.500000	95.833333	0.486590	0.342690	0.063567	0.075989	37.500000	9	2.500000	95.833333
913	subject_switch_lexical_results_v1	25	25	0	0.465635	0.079975	3.778800	0.526550	0.380355	0.054329	0.115880	41.666667	10	2.272727	87.500000	0.550311	0.380959	0.046708	0.113242	50.000000	12	1.923077	83.333333
5501	subject_switch_lexical_results_v1	29	28	1	0.491149	0.068814	3.967931	0.547023	0.426678	0.080067	0.055831	46.428571	13	2.071429	85.714286	0.533794	0.384535	0.075480	0.052150	28.571429	8	3.222222	103.571429
5502	subject_switch_lexical_results_v1	20	19	1	0.473576	0.117679	3.932500	0.523108	0.405469	0.093473	0.150962	42.105263	8	2.222222	94.736842	0.524205	0.331815	0.126371	0.093340	26.315789	5	3.333333	94.736842
5503	subject_switch_lexical_results_v1	17	17	0	0.472240	0.053275	3.628824	0.536852	0.389168	0.048356	0.059600	43.750000	7	2.125000	87.500000	0.536852	0.389168	0.048356	0.059600	43.750000	7	2.125000	87.500000
5504	subject_switch_lexical_results_v1	19	18	1	0.407251	0.082267	3.779474	0.457707	0.356795	0.125889	0.038644	50.000000	9	1.900000	66.666667	0.442625	0.315279	0.094346	0.050860	27.777778	5	3.166667	94.444444
5505	subject_switch_lexical_results_v1	20	20	0	0.394887	0.049253	3.874000	0.444180	0.359037	0.036537	0.058500	57.894737	11	1.666667	63.157895	0.434479	0.309104	0.071938	0.000100	31.578947	6	2.857143	94.736842
5506	subject_switch_lexical_results_v1	13	13	0	0.413269	0.119100	3.943077	0.426655	0.406576	0.077450	0.139925	66.666667	8	1.444444	50.000000	0.441337	0.357132	0.126537	0.104225	33.333333	4	2.600000	108.333333
5507	subject_switch_lexical_results_v1	11	11	0	0.354969	0.048650	4.034545	0.623759	0.325103	0.000100	0.054044	90.000000	9	1.100000	20.000000	0.389757	0.273797	0.040900	0.066733	30.000000	3	2.750000	90.000000
5508	subject_switch_lexical_results_v1	23	22	1	0.390583	0.067214	3.756522	0.483576	0.297591	0.069109	0.065318	50.000000	11	1.916667	68.181818	0.427308	0.265718	0.062459	0.083380	22.727273	5	3.833333	90.909091
5509	subject_switch_lexical_results_v1	19	19	0	0.441218	0.060789	3.846316	0.512770	0.328780	0.035800	0.100057	38.888889	7	2.375000	83.333333	0.517063	0.322033	0.045536	0.084757	38.888889	7	2.375000	88.888889
5510	subject_switch_lexical_results_v1	16	16	0	0.398589	0.033420	3.731875	0.558103	0.340583	0.062575	0.022818	73.333333	11	1.333333	53.333333	0.430191	0.335384	0.050080	0.000100	33.333333	5	2.666667	100.000000
5511	subject_switch_lexical_results_v1	18	17	1	0.432149	0.039365	3.917222	0.464478	0.372877	0.036445	0.044717	35.294118	6	2.571429	88.235294	0.454079	0.360875	0.040462	0.035800	23.529412	4	3.600000	100.000000
5512	subject_switch_lexical_results_v1	13	13	0	0.445017	0.053650	4.096923	0.475215	0.414819	0.023900	0.083400	50.000000	6	1.857143	83.333333	0.472835	0.305926	0.039370	0.125050	16.666667	2	4.333333	108.333333
5513	subject_switch_lexical_results_v1	26	26	0	0.488169	0.121312	3.842692	0.545063	0.341870	0.143461	0.064357	28.000000	7	3.250000	100.000000	0.545353	0.341123	0.143461	0.064357	28.000000	7	3.250000	100.000000
5514	subject_switch_lexical_results_v1	17	17	0	0.401337	0.034013	3.897059	0.473167	0.329506	0.042937	0.025087	50.000000	8	1.888889	68.750000	0.446651	0.301645	0.049427	0.000100	31.250000	5	2.833333	100.000000
5515	subject_switch_lexical_results_v1	20	20	0	0.454346	0.108847	3.894000	0.542835	0.374705	0.113322	0.104820	52.631579	10	1.818182	73.684211	0.495278	0.339736	0.099407	0.135280	26.315789	5	3.333333	105.263158
